round , IFNamma[] , TNF[] , Total APC , Total NK , Total LT , APC with Ag  , APC bound , APC exhausted , APC.IFNgamma_production_rate , APC.TNF_production_rate , NK with Ag  , NK bound , NK exhausted , NK.IFNgamma_production_rate , NK.TNF_production_rate , LT no receptor,LT free  , LT bound , LT.IFNgamma_production_rate , LT.TNF_production_rate , Ag , 
0 , 0 , 0 , 100000 , 100000 , 901000 , 0 , 0 , 0 , 0.5 , 5 , 0 , 0 , 0 , 0.5 , 5 , 1000 , 0 , 0 , 0.00901 , 0.00901 , 10
1 , 2.37074 , 179.619 , 100093 , 100093 , 905220 , 28343.2 , 1.96827 , 0.0174403 , 1.77609 , 165.165 , 28343.2 , 1.96827 , 0.0174403 , 1.77609 , 165.165 , 979.724 , 24.9507 , 2.08784 , 0.0179986 , 0.0119646 , 10
2 , 6.93357 , 626.989 , 100212 , 100212 , 909453 , 48707.4 , 26.8793 , 0.481901 , 2.69544 , 280.505 , 48707.4 , 26.8793 , 0.481901 , 2.69544 , 280.505 , 922.037 , 77.6428 , 27.0105 , 0.0512936 , 0.0222599 , 10
3.01 , 13.1843 , 1269.92 , 100350 , 100350 , 913756 , 63416.9 , 119.82 , 3.28051 , 3.36688 , 364.647 , 63416.9 , 119.82 , 3.28051 , 3.36688 , 364.647 , 842.203 , 125.295 , 109.623 , 0.12346 , 0.0435893 , 10
4.01 , 20.614 , 2039.09 , 100501 , 100501 , 918066 , 73743 , 335.694 , 12.3613 , 3.85277 , 425.382 , 73743 , 335.694 , 12.3613 , 3.85277 , 425.382 , 754.213 , 151.061 , 273.937 , 0.246251 , 0.07907 , 10
5.01 , 29.0378 , 2900.81 , 100661 , 100661 , 922454 , 80934.4 , 744.189 , 34.3509 , 4.21588 , 470.534 , 80934.4 , 744.189 , 34.3509 , 4.21588 , 470.534 , 665.699 , 156.375 , 539.333 , 0.433663 , 0.132722 , 10
6.01 , 38.3271 , 3828.12 , 100827 , 100827 , 926954 , 85720.6 , 1433.3 , 79.1583 , 4.49733 , 505.197 , 85720.6 , 1433.3 , 79.1583 , 4.49733 , 505.197 , 581.775 , 148.517 , 929.634 , 0.704558 , 0.210037 , 10
7.01 , 48.4488 , 4803.33 , 100998 , 100998 , 931614 , 88566 , 2517.93 , 160.95 , 4.72886 , 533.263 , 88566 , 2517.93 , 160.95 , 4.72886 , 533.263 , 505.223 , 134.432 , 1483.32 , 1.08796 , 0.319408 , 10
8.01 , 59.4631 , 5815.9 , 101171 , 101171 , 936498 , 89726.3 , 4148.63 , 299.472 , 4.93616 , 557.839 , 89726.3 , 4148.63 , 299.472 , 4.93616 , 557.839 , 437.285 , 118.678 , 2260.62 , 1.62738 , 0.473332 , 10
9.01 , 71.5302 , 6861.08 , 101347 , 101347 , 941698 , 89286 , 6519.13 , 521.73 , 5.14131 , 581.544 , 89286 , 6519.13 , 521.73 , 5.14131 , 581.544 , 378.249 , 103.677 , 3350.47 , 2.38582 , 0.689845 , 10
10.01 , 84.9277 , 7939.11 , 101523 , 101523 , 947338 , 87188.8 , 9868.68 , 863.894 , 5.36431 , 606.698 , 87188.8 , 9868.68 , 863.894 , 5.36431 , 606.698 , 327.867 , 90.501 , 4879.77 , 3.45242 , 0.994429 , 10
11.01 , 100.078 , 9054.62 , 101698 , 101698 , 953593 , 83270 , 14471.3 , 1373.06 , 5.62355 , 635.4 , 83270 , 14471.3 , 1373.06 , 5.62355 , 635.4 , 285.613 , 79.5128 , 7025.99 , 4.95151 , 1.42261 , 10
12.01 , 117.584 , 10216.1 , 101871 , 101871 , 960703 , 77310 , 20599.4 , 2108.07 , 5.93471 , 669.413 , 77310 , 20599.4 , 2108.07 , 5.93471 , 669.413 , 250.851 , 70.7672 , 10034.2 , 7.05469 , 2.02343 , 10
13.01 , 138.278 , 11434.9 , 102039 , 102039 , 968998 , 69127.9 , 28443.7 , 3137.95 , 6.30741 , 709.82 , 69127.9 , 28443.7 , 3137.95 , 6.30741 , 709.82 , 222.926 , 64.2257 , 14239 , 9.99615 , 2.86378 , 10
14.01 , 163.272 , 12723 , 102199 , 102199 , 978919 , 58733.5 , 37975.8 , 4535.79 , 6.73902 , 756.36 , 58733.5 , 37975.8 , 4535.79 , 6.73902 , 756.36 , 201.203 , 59.8723 , 20091 , 14.0913 , 4.03378 , 10
15.01 , 194.021 , 14090.1 , 102346 , 102346 , 991052 , 46531.2 , 48764.8 , 6365.67 , 7.20647 , 806.552 , 46531.2 , 48764.8 , 6365.67 , 7.20647 , 806.552 , 185.061 , 57.7805 , 28186 , 19.7572 , 5.65261 , 10
16.01 , 232.382 , 15537.8 , 102476 , 102476 , 1.00615e+006 , 33499.7 , 59823.7 , 8662.17 , 7.65981 , 855.016 , 33499.7 , 59823.7 , 8662.17 , 7.65981 , 855.016 , 173.853 , 58.1557 , 39292.5 , 27.5318 , 7.87397 , 10
17.01 , 280.691 , 17054.4 , 102590 , 102590 , 1.02516e+006 , 21175.3 , 69655.4 , 11406.7 , 8.02607 , 893.892 , 21175.3 , 69655.4 , 11406.7 , 8.02607 , 893.892 , 166.838 , 61.339 , 54366.7 , 38.0848 , 10.8892 , 10
18 , 341.179 , 18597.1 , 102690 , 102690 , 1.0489e+006 , 11321.4 , 76634.1 , 14481.4 , 8.23075 , 915.183 , 11321.4 , 76634.1 , 14481.4 , 8.23075 , 915.183 , 163.142 , 67.6396 , 74307.1 , 52.045 , 14.8779 , 10
19 , 418.669 , 20158.1 , 102792 , 102792 , 1.07905e+006 , 4783.71 , 80017.1 , 17809.4 , 8.2418 , 915.466 , 4783.71 , 80017.1 , 17809.4 , 8.2418 , 915.466 , 161.67 , 77.3987 , 100736 , 70.548 , 20.1647 , 10
20 , 517.086 , 21682.9 , 102904 , 102904 , 1.11654e+006 , 1506.16 , 80058.1 , 21209.1 , 8.08177 , 897.236 , 1506.16 , 80058.1 , 21209.1 , 8.08177 , 897.236 , 161.477 , 90.3516 , 134648 , 94.2903 , 26.9484 , 10
21 , 641.719 , 23143.9 , 103026 , 103026 , 1.16215e+006 , 333.871 , 78033.8 , 24564.5 , 7.82054 , 868.083 , 333.871 , 78033.8 , 24564.5 , 7.82054 , 868.083 , 161.815 , 105.824 , 176882 , 123.859 , 35.3968 , 10
22 , 798.368 , 24529.9 , 103149 , 103149 , 1.21598e+006 , 54.0911 , 75211.6 , 27816.3 , 7.5242 , 835.161 , 54.0911 , 75211.6 , 27816.3 , 7.5242 , 835.161 , 162.284 , 122.967 , 227588 , 159.359 , 45.5399 , 10
23 , 992.688 , 25840.3 , 103264 , 103264 , 1.27711e+006 , 10.1818 , 72260.2 , 30946 , 7.22677 , 802.149 , 10.1818 , 72260.2 , 30946 , 7.22677 , 802.149 , 162.741 , 140.976 , 285877 , 200.166 , 57.1994 , 10
24 , 1229.32 , 27078.7 , 103367 , 103367 , 1.3434e+006 , 4.03423 , 69376.5 , 33952.1 , 6.93803 , 770.104 , 4.03423 , 69376.5 , 33952.1 , 6.93803 , 770.104 , 163.15 , 159.08 , 349646 , 244.81 , 69.9551 , 10
25 , 1511.07 , 28249.2 , 103455 , 103455 , 1.41168e+006 , 2.25965 , 66591.4 , 36837.2 , 6.65938 , 739.179 , 2.25965 , 66591.4 , 36837.2 , 6.65938 , 739.179 , 163.503 , 176.501 , 415757 , 291.093 , 83.179 , 10
26 , 1838.31 , 29355 , 103529 , 103529 , 1.47834e+006 , 1.36013 , 63905.9 , 39604.4 , 6.39075 , 709.364 , 1.36013 , 63905.9 , 39604.4 , 6.39075 , 709.364 , 163.799 , 192.536 , 480591 , 336.481 , 96.1474 , 10
27 , 2208.95 , 30398.7 , 103589 , 103589 , 1.54004e+006 , 0.849688 , 61318.5 , 42257.3 , 6.13196 , 680.641 , 0.849688 , 61318.5 , 42257.3 , 6.13196 , 680.641 , 164.041 , 206.669 , 540804 , 378.635 , 108.192 , 10
28 , 2618.85 , 31382.2 , 103637 , 103637 , 1.59439e+006 , 0.547062 , 58827.3 , 44799.9 , 5.88281 , 652.987 , 0.547062 , 58827.3 , 44799.9 , 5.88281 , 652.987 , 164.233 , 218.63 , 593968 , 415.853 , 118.825 , 10
29 , 3062.59 , 32307 , 103674 , 103674 , 1.64019e+006 , 0.361065 , 56430.5 , 47236.3 , 5.6431 , 626.381 , 0.361065 , 56430.5 , 47236.3 , 5.6431 , 626.381 , 164.383 , 228.399 , 638851 , 447.274 , 127.803 , 10
30 , 3534.29 , 33174.2 , 103701 , 103701 , 1.67738e+006 , 0.243106 , 54126 , 49570.6 , 5.41263 , 600.8 , 0.243106 , 54126 , 49570.6 , 5.41263 , 600.8 , 164.497 , 236.138 , 675334 , 472.815 , 135.1 , 10
31 , 4028.29 , 33985.3 , 103722 , 103722 , 1.70666e+006 , 0.166267 , 51911.5 , 51807.2 , 5.19117 , 576.219 , 0.166267 , 51911.5 , 51807.2 , 5.19117 , 576.219 , 164.583 , 242.12 , 704086 , 492.943 , 140.852 , 10
32 , 4539.57 , 34741.4 , 103737 , 103737 , 1.72917e+006 , 0.115091 , 49784.6 , 53950.2 , 4.97848 , 552.61 , 0.115091 , 49784.6 , 53950.2 , 4.97848 , 552.61 , 164.646 , 246.654 , 726199 , 508.423 , 145.274 , 10
33 , 5063.92 , 35444.2 , 103748 , 103748 , 1.74614e+006 , 0.0803946 , 47742.6 , 56003.8 , 4.77428 , 529.944 , 0.0803946 , 47742.6 , 56003.8 , 4.77428 , 529.944 , 164.693 , 250.039 , 742887 , 520.106 , 148.613 , 10
34 , 5597.98 , 36095.4 , 103756 , 103756 , 1.75877e+006 , 0.0565394 , 45782.9 , 57971.8 , 4.5783 , 508.19 , 0.0565394 , 45782.9 , 57971.8 , 4.5783 , 508.19 , 164.727 , 252.538 , 755304 , 528.799 , 151.096 , 10
35 , 6139.15 , 36696.6 , 103761 , 103761 , 1.76806e+006 , 0.0399616 , 43902.4 , 59858.1 , 4.39025 , 487.317 , 0.0399616 , 43902.4 , 59858.1 , 4.39025 , 487.317 , 164.752 , 254.367 , 764445 , 535.198 , 152.924 , 10
36 , 6685.42 , 37249.9 , 103765 , 103765 , 1.77485e+006 , 0.0283478 , 42098.4 , 61666.1 , 4.20985 , 467.293 , 0.0283478 , 42098.4 , 61666.1 , 4.20985 , 467.293 , 164.77 , 255.698 , 771121 , 539.872 , 154.26 , 10
37 , 7235.34 , 37757.2 , 103768 , 103768 , 1.77978e+006 , 0.0201626 , 40368 , 63399.3 , 4.0368 , 448.085 , 0.0201626 , 40368 , 63399.3 , 4.0368 , 448.085 , 164.783 , 256.662 , 775970 , 543.266 , 155.23 , 10
38 , 7787.82 , 38220.4 , 103769 , 103769 , 1.78334e+006 , 0.0143684 , 38708.3 , 65060.7 , 3.87083 , 429.662 , 0.0143684 , 38708.3 , 65060.7 , 3.87083 , 429.662 , 164.792 , 257.357 , 779478 , 545.722 , 155.931 , 10
39 , 8342.07 , 38641.4 , 103770 , 103770 , 1.78591e+006 , 0.0102535 , 37116.6 , 66653.5 , 3.71166 , 411.994 , 0.0102535 , 37116.6 , 66653.5 , 3.71166 , 411.994 , 164.799 , 257.858 , 782007 , 547.492 , 156.437 , 10
40 , 8897.5 , 39022.3 , 103771 , 103771 , 1.78776e+006 , 0.0073243 , 35590.1 , 68180.6 , 3.55902 , 395.051 , 0.0073243 , 35590.1 , 68180.6 , 3.55902 , 395.051 , 164.804 , 258.217 , 783827 , 548.766 , 156.801 , 10
41 , 9453.73 , 39364.9 , 103771 , 103771 , 1.78909e+006 , 0.00523566 , 34126.3 , 69644.7 , 3.41263 , 378.802 , 0.00523566 , 34126.3 , 69644.7 , 3.41263 , 378.802 , 164.807 , 258.476 , 785134 , 549.682 , 157.063 , 10
42 , 10010.4 , 39671 , 103771 , 103771 , 1.79005e+006 , 0.00374456 , 32722.7 , 71048.5 , 3.27227 , 363.222 , 0.00374456 , 32722.7 , 71048.5 , 3.27227 , 363.222 , 164.809 , 258.661 , 786073 , 550.339 , 157.251 , 10
43 , 10567.4 , 39942.5 , 103771 , 103771 , 1.79073e+006 , 0.00267911 , 31376.7 , 72394.4 , 3.13767 , 348.281 , 0.00267911 , 31376.7 , 72394.4 , 3.13767 , 348.281 , 164.811 , 258.794 , 786746 , 550.81 , 157.385 , 10
44.01 , 11130.1 , 40183.2 , 103771 , 103771 , 1.79122e+006 , 0.00191091 , 30073.3 , 73697.5 , 3.00733 , 333.814 , 0.00191091 , 30073.3 , 73697.5 , 3.00733 , 333.814 , 164.812 , 258.89 , 787233 , 551.151 , 157.483 , 10
45.01 , 11687.3 , 40390.1 , 103771 , 103771 , 1.79157e+006 , 0.00136782 , 28836.2 , 74934.3 , 2.88362 , 320.082 , 0.00136782 , 28836.2 , 74934.3 , 2.88362 , 320.082 , 164.813 , 258.958 , 787578 , 551.392 , 157.552 , 10
46.01 , 12244.4 , 40567.2 , 103770 , 103770 , 1.79183e+006 , 0.000979203 , 27650 , 76120.2 , 2.765 , 306.915 , 0.000979203 , 27650 , 76120.2 , 2.765 , 306.915 , 164.814 , 259.007 , 787825 , 551.565 , 157.601 , 10
47.01 , 12801.5 , 40716.2 , 103770 , 103770 , 1.79201e+006 , 0.000701068 , 26512.5 , 77257.3 , 2.65126 , 294.289 , 0.000701068 , 26512.5 , 77257.3 , 2.65126 , 294.289 , 164.814 , 259.042 , 788002 , 551.689 , 157.636 , 10
48.01 , 13358.4 , 40838.4 , 103769 , 103769 , 1.79214e+006 , 0.000501969 , 25421.9 , 78347.6 , 2.54219 , 282.183 , 0.000501969 , 25421.9 , 78347.6 , 2.54219 , 282.183 , 164.815 , 259.067 , 788129 , 551.778 , 157.662 , 10
49.01 , 13915.2 , 40935.3 , 103769 , 103769 , 1.79223e+006 , 0.000359431 , 24376.1 , 79393 , 2.43761 , 270.574 , 0.000359431 , 24376.1 , 79393 , 2.43761 , 270.574 , 164.815 , 259.085 , 788221 , 551.842 , 157.68 , 10
50.01 , 14471.8 , 41008.2 , 103769 , 103769 , 1.79229e+006 , 0.000257377 , 23373.3 , 80395.4 , 2.33733 , 259.444 , 0.000257377 , 23373.3 , 80395.4 , 2.33733 , 259.444 , 164.815 , 259.098 , 788286 , 551.888 , 157.693 , 10
51.01 , 15028.3 , 41058.4 , 103768 , 103768 , 1.79234e+006 , 0.000184304 , 22411.8 , 81356.6 , 2.24118 , 248.77 , 0.000184304 , 22411.8 , 81356.6 , 2.24118 , 248.77 , 164.815 , 259.107 , 788333 , 551.921 , 157.703 , 10
52.01 , 15584.7 , 41087.1 , 103768 , 103768 , 1.79238e+006 , 0.00013198 , 21489.8 , 82278.2 , 2.14898 , 238.536 , 0.00013198 , 21489.8 , 82278.2 , 2.14898 , 238.536 , 164.815 , 259.114 , 788367 , 551.945 , 157.709 , 10
53.01 , 16140.8 , 41095.6 , 103768 , 103768 , 1.7924e+006 , 9.4512e-005 , 20605.7 , 83161.9 , 2.06057 , 228.723 , 9.4512e-005 , 20605.7 , 83161.9 , 2.06057 , 228.723 , 164.815 , 259.119 , 788392 , 551.962 , 157.714 , 10
54.01 , 16696.8 , 41084.8 , 103767 , 103767 , 1.79242e+006 , 6.76815e-005 , 19758 , 84009.3 , 1.9758 , 219.314 , 6.76815e-005 , 19758 , 84009.3 , 1.9758 , 219.314 , 164.816 , 259.122 , 788410 , 551.974 , 157.718 , 10
55.01 , 17252.7 , 41055.9 , 103767 , 103767 , 1.79243e+006 , 4.8468e-005 , 18945.2 , 84821.8 , 1.89452 , 210.292 , 4.8468e-005 , 18945.2 , 84821.8 , 1.89452 , 210.292 , 164.816 , 259.125 , 788422 , 551.983 , 157.72 , 10
56.01 , 17808.4 , 41009.9 , 103767 , 103767 , 1.79244e+006 , 3.47091e-005 , 18165.8 , 85600.8 , 1.81658 , 201.641 , 3.47091e-005 , 18165.8 , 85600.8 , 1.81658 , 201.641 , 164.816 , 259.127 , 788432 , 551.99 , 157.722 , 10
57.01 , 18363.9 , 40947.7 , 103766 , 103766 , 1.79245e+006 , 2.48561e-005 , 17418.5 , 86347.8 , 1.74185 , 193.345 , 2.48561e-005 , 17418.5 , 86347.8 , 1.74185 , 193.345 , 164.816 , 259.128 , 788439 , 551.995 , 157.724 , 10
58.01 , 18919.3 , 40870.4 , 103766 , 103766 , 1.79245e+006 , 1.78001e-005 , 16701.9 , 87064.1 , 1.67019 , 185.391 , 1.78001e-005 , 16701.9 , 87064.1 , 1.67019 , 185.391 , 164.816 , 259.129 , 788444 , 551.998 , 157.725 , 10
59.01 , 19474.6 , 40778.7 , 103766 , 103766 , 1.79246e+006 , 1.27472e-005 , 16014.8 , 87750.9 , 1.60148 , 177.765 , 1.27472e-005 , 16014.8 , 87750.9 , 1.60148 , 177.765 , 164.816 , 259.13 , 788448 , 552.001 , 157.725 , 10
60.01 , 20029.7 , 40673.6 , 103765 , 103765 , 1.79246e+006 , 9.12863e-006 , 15356 , 88409.5 , 1.5356 , 170.452 , 9.12863e-006 , 15356 , 88409.5 , 1.5356 , 170.452 , 164.816 , 259.13 , 788451 , 552.003 , 157.726 , 10
61.01 , 20584.7 , 40555.9 , 103765 , 103765 , 1.79246e+006 , 6.53729e-006 , 14724.3 , 89040.9 , 1.47243 , 163.44 , 6.53729e-006 , 14724.3 , 89040.9 , 1.47243 , 163.44 , 164.816 , 259.131 , 788453 , 552.005 , 157.727 , 10
62.01 , 21139.6 , 40426.3 , 103765 , 103765 , 1.79247e+006 , 4.68155e-006 , 14118.5 , 89646.4 , 1.41185 , 156.716 , 4.68155e-006 , 14118.5 , 89646.4 , 1.41185 , 156.716 , 164.816 , 259.131 , 788455 , 552.006 , 157.727 , 10
63.01 , 21694.4 , 40285.5 , 103765 , 103765 , 1.79247e+006 , 3.35261e-006 , 13537.7 , 90227 , 1.35377 , 150.269 , 3.35261e-006 , 13537.7 , 90227 , 1.35377 , 150.269 , 164.816 , 259.131 , 788456 , 552.007 , 157.727 , 10
64.01 , 22249.1 , 40134.3 , 103764 , 103764 , 1.79247e+006 , 2.40091e-006 , 12980.8 , 90783.7 , 1.29808 , 144.087 , 2.40091e-006 , 12980.8 , 90783.7 , 1.29808 , 144.087 , 164.816 , 259.132 , 788457 , 552.008 , 157.727 , 10
65.01 , 22803.6 , 39973.4 , 103764 , 103764 , 1.79247e+006 , 1.71936e-006 , 12446.8 , 91317.5 , 1.24468 , 138.159 , 1.71936e-006 , 12446.8 , 91317.5 , 1.24468 , 138.159 , 164.816 , 259.132 , 788458 , 552.008 , 157.728 , 10
66.01 , 23358.1 , 39803.3 , 103764 , 103764 , 1.79247e+006 , 1.23129e-006 , 11934.7 , 91829.3 , 1.19347 , 132.476 , 1.23129e-006 , 11934.7 , 91829.3 , 1.19347 , 132.476 , 164.816 , 259.132 , 788459 , 552.009 , 157.728 , 10
67.01 , 23912.4 , 39624.7 , 103764 , 103764 , 1.79247e+006 , 8.81767e-007 , 11443.8 , 92320.1 , 1.14438 , 127.026 , 8.81767e-007 , 11443.8 , 92320.1 , 1.14438 , 127.026 , 164.816 , 259.132 , 788459 , 552.009 , 157.728 , 10
68.01 , 24466.7 , 39438.2 , 103764 , 103764 , 1.79247e+006 , 6.31461e-007 , 10973 , 92790.7 , 1.0973 , 121.8 , 6.31461e-007 , 10973 , 92790.7 , 1.0973 , 121.8 , 164.816 , 259.132 , 788460 , 552.01 , 157.728 , 10
69.01 , 25020.8 , 39244.2 , 103763 , 103763 , 1.79247e+006 , 4.5221e-007 , 10521.6 , 93241.9 , 1.05216 , 116.789 , 4.5221e-007 , 10521.6 , 93241.9 , 1.05216 , 116.789 , 164.816 , 259.132 , 788461 , 552.01 , 157.728 , 10
70.01 , 25574.9 , 39043.5 , 103763 , 103763 , 1.79247e+006 , 3.23842e-007 , 10088.7 , 93674.5 , 1.00887 , 111.985 , 3.23842e-007 , 10088.7 , 93674.5 , 1.00887 , 111.985 , 164.816 , 259.132 , 788461 , 552.011 , 157.728 , 10
71.01 , 26128.9 , 38836.4 , 103763 , 103763 , 1.79247e+006 , 2.31914e-007 , 9673.69 , 94089.4 , 0.967369 , 107.378 , 2.31914e-007 , 9673.69 , 94089.4 , 0.967369 , 107.378 , 164.816 , 259.132 , 788461 , 552.011 , 157.728 , 10
72.01 , 26682.8 , 38623.4 , 103763 , 103763 , 1.79247e+006 , 1.66081e-007 , 9275.73 , 94487.2 , 0.927573 , 102.961 , 1.66081e-007 , 9275.73 , 94487.2 , 0.927573 , 102.961 , 164.816 , 259.132 , 788462 , 552.011 , 157.728 , 10
73 , 27231.1 , 38407.2 , 103763 , 103763 , 1.79247e+006 , 1.19334e-007 , 8897.88 , 94864.9 , 0.889788 , 98.7664 , 1.19334e-007 , 8897.88 , 94864.9 , 0.889788 , 98.7664 , 164.816 , 259.133 , 788462 , 552.011 , 157.728 , 10
74 , 27784.8 , 38183.9 , 103763 , 103763 , 1.79247e+006 , 8.54586e-008 , 8531.83 , 95230.8 , 0.853183 , 94.7033 , 8.54586e-008 , 8531.83 , 95230.8 , 0.853183 , 94.7033 , 164.816 , 259.133 , 788463 , 552.012 , 157.728 , 10
75 , 28338.5 , 37956 , 103762 , 103762 , 1.79247e+006 , 6.11996e-008 , 8180.84 , 95581.6 , 0.818084 , 90.8073 , 6.11996e-008 , 8180.84 , 95581.6 , 0.818084 , 90.8073 , 164.816 , 259.133 , 788463 , 552.012 , 157.729 , 10
76 , 28892.1 , 37723.9 , 103762 , 103762 , 1.79247e+006 , 4.3827e-008 , 7844.29 , 95918 , 0.784429 , 87.0716 , 4.3827e-008 , 7844.29 , 95918 , 0.784429 , 87.0716 , 164.816 , 259.133 , 788463 , 552.012 , 157.729 , 10
77 , 29445.7 , 37488 , 103762 , 103762 , 1.79247e+006 , 3.13859e-008 , 7521.59 , 96240.6 , 0.752159 , 83.4896 , 3.13859e-008 , 7521.59 , 96240.6 , 0.752159 , 83.4896 , 164.816 , 259.133 , 788464 , 552.012 , 157.729 , 10
78 , 29999.1 , 37248.7 , 103762 , 103762 , 1.79247e+006 , 2.24765e-008 , 7212.16 , 96549.9 , 0.721216 , 80.055 , 2.24765e-008 , 7212.16 , 96549.9 , 0.721216 , 80.055 , 164.816 , 259.133 , 788464 , 552.013 , 157.729 , 10
79 , 30552.6 , 37006.2 , 103762 , 103762 , 1.79248e+006 , 1.60961e-008 , 6915.46 , 96846.5 , 0.691546 , 76.7616 , 1.60961e-008 , 6915.46 , 96846.5 , 0.691546 , 76.7616 , 164.816 , 259.133 , 788464 , 552.013 , 157.729 , 10
80 , 31105.9 , 36761 , 103762 , 103762 , 1.79248e+006 , 1.1527e-008 , 6630.97 , 97130.9 , 0.663097 , 73.6037 , 1.1527e-008 , 6630.97 , 97130.9 , 0.663097 , 73.6037 , 164.816 , 259.133 , 788465 , 552.013 , 157.729 , 10
81 , 31659.2 , 36513.3 , 103762 , 103762 , 1.79248e+006 , 8.25483e-009 , 6358.18 , 97403.5 , 0.635818 , 70.5758 , 8.25483e-009 , 6358.18 , 97403.5 , 0.635818 , 70.5758 , 164.816 , 259.133 , 788465 , 552.013 , 157.729 , 10
82 , 32212.5 , 36263.4 , 103762 , 103762 , 1.79248e+006 , 5.91155e-009 , 6096.61 , 97665 , 0.609661 , 67.6724 , 5.91155e-009 , 6096.61 , 97665 , 0.609661 , 67.6724 , 164.816 , 259.133 , 788465 , 552.013 , 157.729 , 10
83 , 32765.7 , 36011.5 , 103761 , 103761 , 1.79248e+006 , 4.23345e-009 , 5845.8 , 97915.7 , 0.58458 , 64.8884 , 4.23345e-009 , 5845.8 , 97915.7 , 0.58458 , 64.8884 , 164.816 , 259.133 , 788465 , 552.013 , 157.729 , 10
84 , 33318.9 , 35758 , 103761 , 103761 , 1.79248e+006 , 3.03171e-009 , 5605.32 , 98156.1 , 0.560532 , 62.219 , 3.03171e-009 , 5605.32 , 98156.1 , 0.560532 , 62.219 , 164.816 , 259.133 , 788465 , 552.014 , 157.729 , 10
85 , 33872 , 35503.1 , 103761 , 103761 , 1.79248e+006 , 2.1711e-009 , 5374.72 , 98386.6 , 0.537472 , 59.6594 , 2.1711e-009 , 5374.72 , 98386.6 , 0.537472 , 59.6594 , 164.816 , 259.133 , 788466 , 552.014 , 157.729 , 10
86 , 34425 , 35247 , 103761 , 103761 , 1.79248e+006 , 1.5548e-009 , 5153.61 , 98607.6 , 0.515361 , 57.2051 , 1.5548e-009 , 5153.61 , 98607.6 , 0.515361 , 57.2051 , 164.816 , 259.133 , 788466 , 552.014 , 157.729 , 10
87 , 34978.1 , 34990 , 103761 , 103761 , 1.79248e+006 , 1.11344e-009 , 4941.6 , 98819.5 , 0.49416 , 54.8518 , 1.11344e-009 , 4941.6 , 98819.5 , 0.49416 , 54.8518 , 164.816 , 259.133 , 788466 , 552.014 , 157.729 , 10
88 , 35531.1 , 34732.2 , 103761 , 103761 , 1.79248e+006 , 7.97371e-010 , 4738.31 , 99022.7 , 0.473831 , 52.5952 , 7.97371e-010 , 4738.31 , 99022.7 , 0.473831 , 52.5952 , 164.816 , 259.133 , 788466 , 552.014 , 157.729 , 10
89 , 36084 , 34473.8 , 103761 , 103761 , 1.79248e+006 , 5.71023e-010 , 4543.38 , 99217.6 , 0.454338 , 50.4315 , 5.71023e-010 , 4543.38 , 99217.6 , 0.454338 , 50.4315 , 164.816 , 259.133 , 788466 , 552.014 , 157.729 , 10
90 , 36636.9 , 34215.1 , 103761 , 103761 , 1.79248e+006 , 4.08928e-010 , 4356.47 , 99404.4 , 0.435647 , 48.3568 , 4.08928e-010 , 4356.47 , 99404.4 , 0.435647 , 48.3568 , 164.816 , 259.133 , 788467 , 552.014 , 157.729 , 10
91 , 37189.8 , 33956.2 , 103761 , 103761 , 1.79248e+006 , 2.92847e-010 , 4177.25 , 99583.5 , 0.417725 , 46.3675 , 2.92847e-010 , 4177.25 , 99583.5 , 0.417725 , 46.3675 , 164.816 , 259.133 , 788467 , 552.015 , 157.729 , 10
92 , 37742.6 , 33697.3 , 103761 , 103761 , 1.79248e+006 , 2.09717e-010 , 4005.41 , 99755.3 , 0.400541 , 44.46 , 2.09717e-010 , 4005.41 , 99755.3 , 0.400541 , 44.46 , 164.816 , 259.133 , 788467 , 552.015 , 157.729 , 10
93 , 38295.4 , 33438.6 , 103761 , 103761 , 1.79248e+006 , 1.50185e-010 , 3840.63 , 99920 , 0.384063 , 42.631 , 1.50185e-010 , 3840.63 , 99920 , 0.384063 , 42.631 , 164.816 , 259.134 , 788467 , 552.015 , 157.729 , 10
94 , 38848.2 , 33180.1 , 103761 , 103761 , 1.79248e+006 , 1.07552e-010 , 3682.63 , 100078 , 0.368263 , 40.8772 , 1.07552e-010 , 3682.63 , 100078 , 0.368263 , 40.8772 , 164.816 , 259.134 , 788467 , 552.015 , 157.729 , 10
95 , 39400.9 , 32922.1 , 103761 , 103761 , 1.79248e+006 , 7.70218e-011 , 3531.13 , 100229 , 0.353113 , 39.1956 , 7.70218e-011 , 3531.13 , 100229 , 0.353113 , 39.1956 , 164.816 , 259.134 , 788467 , 552.015 , 157.729 , 10
96 , 39953.6 , 32664.7 , 103760 , 103760 , 1.79248e+006 , 5.51578e-011 , 3385.87 , 100375 , 0.338587 , 37.5831 , 5.51578e-011 , 3385.87 , 100375 , 0.338587 , 37.5831 , 164.816 , 259.134 , 788468 , 552.015 , 157.729 , 10
97 , 40506.3 , 32407.9 , 103760 , 103760 , 1.79248e+006 , 3.95003e-011 , 3246.58 , 100514 , 0.324658 , 36.037 , 3.95003e-011 , 3246.58 , 100514 , 0.324658 , 36.037 , 164.816 , 259.134 , 788468 , 552.015 , 157.729 , 10
98 , 41058.9 , 32152 , 103760 , 103760 , 1.79248e+006 , 2.82874e-011 , 3113.02 , 100647 , 0.311302 , 34.5545 , 2.82874e-011 , 3113.02 , 100647 , 0.311302 , 34.5545 , 164.816 , 259.134 , 788468 , 552.015 , 157.73 , 10
99 , 41611.6 , 31897 , 103760 , 103760 , 1.79248e+006 , 2.02575e-011 , 2984.95 , 100775 , 0.298495 , 33.133 , 2.02575e-011 , 2984.95 , 100775 , 0.298495 , 33.133 , 164.816 , 259.134 , 788468 , 552.015 , 157.73 , 10
100 , 42164.2 , 31643.1 , 103760 , 103760 , 1.79248e+006 , 1.45071e-011 , 2862.15 , 100898 , 0.286215 , 31.7699 , 1.45071e-011 , 2862.15 , 100898 , 0.286215 , 31.7699 , 164.816 , 259.134 , 788468 , 552.015 , 157.73 , 10
101 , 42716.7 , 31390.2 , 103760 , 103760 , 1.79248e+006 , 1.0389e-011 , 2744.41 , 101016 , 0.274441 , 30.4629 , 1.0389e-011 , 2744.41 , 101016 , 0.274441 , 30.4629 , 164.816 , 259.134 , 788468 , 552.016 , 157.73 , 10
102 , 43269.3 , 31138.6 , 103760 , 103760 , 1.79248e+006 , 7.43989e-012 , 2631.51 , 101129 , 0.263151 , 29.2097 , 7.43989e-012 , 2631.51 , 101129 , 0.263151 , 29.2097 , 164.816 , 259.134 , 788468 , 552.016 , 157.73 , 10
103 , 43821.8 , 30888.3 , 103760 , 103760 , 1.79248e+006 , 5.32794e-012 , 2523.25 , 101237 , 0.252325 , 28.0081 , 5.32794e-012 , 2523.25 , 101237 , 0.252325 , 28.0081 , 164.816 , 259.134 , 788468 , 552.016 , 157.73 , 10
104 , 44374.3 , 30639.4 , 103760 , 103760 , 1.79248e+006 , 3.81551e-012 , 2419.45 , 101341 , 0.241945 , 26.8559 , 3.81551e-012 , 2419.45 , 101341 , 0.241945 , 26.8559 , 164.816 , 259.134 , 788468 , 552.016 , 157.73 , 10
105 , 44926.8 , 30392 , 103760 , 103760 , 1.79248e+006 , 2.73241e-012 , 2319.91 , 101440 , 0.231991 , 25.751 , 2.73241e-012 , 2319.91 , 101440 , 0.231991 , 25.751 , 164.816 , 259.134 , 788469 , 552.016 , 157.73 , 10
106 , 45479.3 , 30146.1 , 103760 , 103760 , 1.79248e+006 , 1.95677e-012 , 2224.48 , 101536 , 0.222448 , 24.6917 , 1.95677e-012 , 2224.48 , 101536 , 0.222448 , 24.6917 , 164.816 , 259.134 , 788469 , 552.016 , 157.73 , 10
107 , 46031.7 , 29901.8 , 103760 , 103760 , 1.79248e+006 , 1.40131e-012 , 2132.96 , 101627 , 0.213296 , 23.6759 , 1.40131e-012 , 2132.96 , 101627 , 0.213296 , 23.6759 , 164.816 , 259.134 , 788469 , 552.016 , 157.73 , 10
108 , 46584.2 , 29659.2 , 103760 , 103760 , 1.79248e+006 , 1.00352e-012 , 2045.22 , 101715 , 0.204522 , 22.7019 , 1.00352e-012 , 2045.22 , 101715 , 0.204522 , 22.7019 , 164.816 , 259.134 , 788469 , 552.016 , 157.73 , 10
109 , 47136.6 , 29418.3 , 103760 , 103760 , 1.79248e+006 , 7.18654e-013 , 1961.08 , 101799 , 0.196108 , 21.768 , 7.18654e-013 , 1961.08 , 101799 , 0.196108 , 21.768 , 164.816 , 259.134 , 788469 , 552.016 , 157.73 , 10
110 , 47689 , 29179.1 , 103760 , 103760 , 1.79248e+006 , 5.14651e-013 , 1880.4 , 101879 , 0.18804 , 20.8725 , 5.14651e-013 , 1880.4 , 101879 , 0.18804 , 20.8725 , 164.816 , 259.134 , 788469 , 552.016 , 157.73 , 10
111 , 48241.4 , 28941.8 , 103760 , 103760 , 1.79248e+006 , 3.68558e-013 , 1803.05 , 101957 , 0.180305 , 20.0138 , 3.68558e-013 , 1803.05 , 101957 , 0.180305 , 20.0138 , 164.816 , 259.134 , 788469 , 552.016 , 157.73 , 10
112 , 48793.7 , 28706.4 , 103760 , 103760 , 1.79248e+006 , 2.63937e-013 , 1728.87 , 102031 , 0.172887 , 19.1905 , 2.63937e-013 , 1728.87 , 102031 , 0.172887 , 19.1905 , 164.816 , 259.134 , 788469 , 552.016 , 157.73 , 10
113 , 49346.1 , 28472.8 , 103760 , 103760 , 1.79248e+006 , 1.89014e-013 , 1657.75 , 102102 , 0.165775 , 18.401 , 1.89014e-013 , 1657.75 , 102102 , 0.165775 , 18.401 , 164.816 , 259.134 , 788469 , 552.016 , 157.73 , 10
114 , 49898.4 , 28241.2 , 103760 , 103760 , 1.79248e+006 , 1.35359e-013 , 1589.55 , 102170 , 0.158955 , 17.644 , 1.35359e-013 , 1589.55 , 102170 , 0.158955 , 17.644 , 164.816 , 259.134 , 788469 , 552.016 , 157.73 , 10
115 , 50450.8 , 28011.6 , 103760 , 103760 , 1.79248e+006 , 9.69348e-014 , 1524.16 , 102236 , 0.152416 , 16.9182 , 9.69348e-014 , 1524.16 , 102236 , 0.152416 , 16.9182 , 164.816 , 259.134 , 788469 , 552.016 , 157.73 , 10
116 , 51003.1 , 27783.9 , 103760 , 103760 , 1.79248e+006 , 6.94181e-014 , 1461.46 , 102298 , 0.146146 , 16.2222 , 6.94181e-014 , 1461.46 , 102298 , 0.146146 , 16.2222 , 164.816 , 259.134 , 788469 , 552.016 , 157.73 , 10
117 , 51555.4 , 27558.4 , 103760 , 103760 , 1.79248e+006 , 4.97126e-014 , 1401.33 , 102358 , 0.140133 , 15.5548 , 4.97126e-014 , 1401.33 , 102358 , 0.140133 , 15.5548 , 164.816 , 259.134 , 788469 , 552.016 , 157.73 , 10
118 , 52107.7 , 27334.8 , 103760 , 103760 , 1.79248e+006 , 3.56008e-014 , 1343.68 , 102416 , 0.134368 , 14.9149 , 3.56008e-014 , 1343.68 , 102416 , 0.134368 , 14.9149 , 164.816 , 259.134 , 788470 , 552.016 , 157.73 , 10
119 , 52660 , 27113.4 , 103760 , 103760 , 1.79248e+006 , 2.54949e-014 , 1288.41 , 102471 , 0.128841 , 14.3013 , 2.54949e-014 , 1288.41 , 102471 , 0.128841 , 14.3013 , 164.816 , 259.134 , 788470 , 552.016 , 157.73 , 10
