round , IFNamma[] , TNF[] , Total APC , Total NK , Total LT , APC with Ag  , APC bound , APC exhausted , APC.IFNgamma_production_rate , APC.TNF_production_rate , NK with Ag  , NK bound , NK exhausted , NK.IFNgamma_production_rate , NK.TNF_production_rate , LT no receptor,LT free  , LT bound , LT.IFNgamma_production_rate , LT.TNF_production_rate , Ag , 
0 , 10 , 2.122e-314 , 100000 , 100000 , 901000 , 0 , 0 , 0 , 1 , 10 , 0 , 0 , 0 , 1 , 10 , 1000 , 0 , 0 , 0.00901 , 0.00901 , 10
1 , 11.8688 , 18.5144 , 100093 , 100093 , 905220 , 28343.2 , 1.98047 , 0.00463286 , 0.859291 , 8.60321 , 28343.2 , 1.98047 , 0.00463286 , 0.859291 , 8.60321 , 979.724 , 24.9507 , 2.08784 , 0.0384279 , 0.0119646 , 10
2 , 13.5639 , 34.7672 , 100212 , 100212 , 909453 , 48707.4 , 27.2243 , 0.128703 , 0.759666 , 7.73822 , 48707.4 , 27.2243 , 0.128703 , 0.759666 , 7.73822 , 922.037 , 77.6428 , 27.0105 , 0.141534 , 0.0222599 , 10
3.01 , 15.2648 , 50.1027 , 100350 , 100350 , 913756 , 63416.9 , 122.183 , 0.880985 , 0.691296 , 7.54831 , 63416.9 , 122.183 , 0.880985 , 0.691296 , 7.54831 , 842.203 , 125.295 , 109.623 , 0.354929 , 0.0435893 , 10
4.01 , 17.1223 , 65.8299 , 100501 , 100501 , 918066 , 73743 , 344.614 , 3.33789 , 0.650043 , 8.29242 , 73743 , 344.614 , 3.33789 , 0.650043 , 8.29242 , 754.213 , 151.061 , 273.937 , 0.709623 , 0.0790701 , 10
5.01 , 19.3642 , 84.3206 , 100660 , 100660 , 922454 , 80934.4 , 768.986 , 9.32625 , 0.632598 , 10.3247 , 80934.4 , 768.986 , 9.32625 , 0.632598 , 10.3247 , 665.699 , 156.375 , 539.333 , 1.24582 , 0.132722 , 10
6.01 , 22.2452 , 108.646 , 100826 , 100826 , 926954 , 85720.6 , 1490.42 , 21.6061 , 0.639062 , 14.1408 , 85720.6 , 1490.42 , 21.6061 , 0.639062 , 14.1408 , 581.775 , 148.517 , 929.635 , 2.01853 , 0.210037 , 10
7.01 , 26.0913 , 143.051 , 100997 , 100997 , 931614 , 88566 , 2633.96 , 44.1582 , 0.672054 , 20.4171 , 88566 , 2633.96 , 44.1582 , 0.672054 , 20.4171 , 505.223 , 134.432 , 1483.32 , 3.11173 , 0.319408 , 10
8.01 , 31.34 , 193.369 , 101170 , 101170 , 936499 , 89726.3 , 4364.27 , 82.5727 , 0.736813 , 30.0623 , 89726.3 , 4364.27 , 82.5727 , 0.736813 , 30.0623 , 437.285 , 118.678 , 2260.62 , 4.65045 , 0.473333 , 10
9.01 , 38.5939 , 267.54 , 101345 , 101345 , 941698 , 89286 , 6894.35 , 144.543 , 0.841344 , 44.2641 , 89286 , 6894.35 , 144.543 , 0.841344 , 44.2641 , 378.249 , 103.677 , 3350.48 , 6.81507 , 0.689847 , 10
10.01 , 48.6903 , 376.203 , 101520 , 101520 , 947338 , 87188.8 , 10489.2 , 240.435 , 0.996414 , 64.5078 , 87188.8 , 10489.2 , 240.435 , 0.996414 , 64.5078 , 327.867 , 90.5011 , 4879.8 , 9.86043 , 0.994433 , 10
11.01 , 62.7937 , 533.266 , 101693 , 101693 , 953593 , 83270 , 15456.2 , 383.83 , 1.215 , 92.5223 , 83270 , 15456.2 , 383.83 , 1.215 , 92.5223 , 285.613 , 79.513 , 7026.04 , 14.1419 , 1.42262 , 10
12.01 , 82.5155 , 756.224 , 101865 , 101865 , 960704 , 77309.9 , 22109.5 , 591.836 , 1.51056 , 130.075 , 77309.9 , 22109.5 , 591.836 , 1.51056 , 130.075 , 250.851 , 70.7675 , 10034.3 , 20.1496 , 2.02345 , 10
13.01 , 110.068 , 1065.84 , 102030 , 102030 , 968998 , 69127.7 , 30688.5 , 884.76 , 1.89336 , 178.514 , 69127.7 , 30688.5 , 884.76 , 1.89336 , 178.514 , 222.927 , 64.2261 , 14239.3 , 28.553 , 2.86383 , 10
14.01 , 148.459 , 1484.6 , 102187 , 102187 , 978920 , 58733.1 , 41216 , 1284.54 , 2.364 , 237.963 , 58733.1 , 41216 , 1284.54 , 2.364 , 237.963 , 201.203 , 59.8729 , 20091.5 , 40.2532 , 4.03388 , 10
15.01 , 201.72 , 2033.16 , 102331 , 102331 , 991053 , 46530.6 , 53305.3 , 1811.29 , 2.90476 , 306.235 , 46530.6 , 53305.3 , 1811.29 , 2.90476 , 306.235 , 185.061 , 57.7814 , 28187 , 56.442 , 5.65281 , 10
16.01 , 275.188 , 2724.78 , 102458 , 102458 , 1.00615e+006 , 33498.7 , 65991.3 , 2477.7 , 3.47197 , 377.874 , 33498.7 , 65991.3 , 2477.7 , 3.47197 , 377.874 , 173.854 , 58.1571 , 39294.4 , 78.6571 , 7.87436 , 10
17.01 , 375.81 , 3558.64 , 102569 , 102569 , 1.02516e+006 , 21174.2 , 77760.1 , 3282.47 , 3.9974 , 444.327 , 21174.2 , 77760.1 , 3282.47 , 3.9974 , 444.327 , 166.839 , 61.3411 , 54370.2 , 108.812 , 10.8899 , 10
18 , 510.903 , 4505.64 , 102668 , 102668 , 1.04891e+006 , 11320.3 , 86897.5 , 4196.42 , 4.40401 , 495.907 , 11320.3 , 86897.5 , 4196.42 , 4.40401 , 495.907 , 163.143 , 67.6428 , 74313 , 148.704 , 14.8791 , 10
19 , 694.243 , 5550.83 , 102768 , 102768 , 1.07907e+006 , 4782.87 , 92600.4 , 5203.48 , 4.65575 , 528.08 , 4782.87 , 92600.4 , 5203.48 , 4.65575 , 528.08 , 161.672 , 77.4036 , 100745 , 201.578 , 20.1666 , 10
20 , 938.188 , 6646.68 , 102880 , 102880 , 1.11655e+006 , 1505.72 , 94988.7 , 6255.65 , 4.75827 , 541.524 , 1505.72 , 94988.7 , 6255.65 , 4.75827 , 541.524 , 161.479 , 90.3584 , 134662 , 269.426 , 26.9513 , 10
21 , 1258.39 , 7763.62 , 103003 , 103003 , 1.16217e+006 , 333.72 , 95254 , 7322.09 , 4.7653 , 542.974 , 333.72 , 95254 , 7322.09 , 4.7653 , 542.974 , 161.817 , 105.833 , 176903 , 353.923 , 35.4011 , 10
22 , 1671.67 , 8886.72 , 103128 , 103128 , 1.21601e+006 , 54.0593 , 94620.5 , 8386.18 , 4.73196 , 539.346 , 54.0593 , 94620.5 , 8386.18 , 4.73196 , 539.346 , 162.286 , 122.978 , 227617 , 455.369 , 45.5456 , 10
23 , 2194.22 , 10011.8 , 103244 , 103244 , 1.27715e+006 , 10.1774 , 93744.2 , 9441.79 , 4.68774 , 534.348 , 10.1774 , 93744.2 , 9441.79 , 4.68774 , 534.348 , 162.743 , 140.989 , 285914 , 571.981 , 57.2069 , 10
24 , 2839.28 , 11138.8 , 103348 , 103348 , 1.34345e+006 , 4.03344 , 92822.3 , 10487.2 , 4.64148 , 529.091 , 4.03344 , 92822.3 , 10487.2 , 4.64148 , 529.091 , 163.152 , 159.094 , 349691 , 699.553 , 69.9641 , 10
25 , 3614.77 , 12268.2 , 103437 , 103437 , 1.41174e+006 , 2.25931 , 91888.6 , 11521.9 , 4.59469 , 523.768 , 2.25931 , 91888.6 , 11521.9 , 4.59469 , 523.768 , 163.505 , 176.516 , 415808 , 831.805 , 83.1893 , 10
26 , 4521.72 , 13400.1 , 103512 , 103512 , 1.4784e+006 , 1.35995 , 90948 , 12545.3 , 4.54758 , 518.405 , 1.35995 , 90948 , 12545.3 , 4.54758 , 518.405 , 163.801 , 192.552 , 480646 , 961.497 , 96.1585 , 10
27 , 5554.1 , 14533.8 , 103573 , 103573 , 1.5401e+006 , 0.849589 , 90002.6 , 13557.2 , 4.50026 , 513.016 , 0.849589 , 90002.6 , 13557.2 , 4.50026 , 513.016 , 164.043 , 206.684 , 540861 , 1081.94 , 108.203 , 10
28 , 6700 , 15668.1 , 103622 , 103622 , 1.59445e+006 , 0.547006 , 89054.6 , 14557.5 , 4.45282 , 507.612 , 0.547006 , 89054.6 , 14557.5 , 4.45282 , 507.612 , 164.235 , 218.645 , 594023 , 1188.28 , 118.837 , 10
29 , 7943.89 , 16801.4 , 103659 , 103659 , 1.64025e+006 , 0.361032 , 88106.4 , 15546.1 , 4.40538 , 502.207 , 0.361032 , 88106.4 , 15546.1 , 4.40538 , 502.207 , 164.385 , 228.413 , 638904 , 1278.05 , 127.814 , 10
30 , 9268.92 , 17932 , 103688 , 103688 , 1.67743e+006 , 0.243087 , 87159.9 , 16523.3 , 4.35804 , 496.812 , 0.243087 , 87159.9 , 16523.3 , 4.35804 , 496.812 , 164.499 , 236.151 , 675383 , 1351.02 , 135.11 , 10
31 , 10658.8 , 19058.3 , 103710 , 103710 , 1.70671e+006 , 0.166255 , 86217 , 17489 , 4.31089 , 491.438 , 0.166255 , 86217 , 17489 , 4.31089 , 491.438 , 164.585 , 242.132 , 704131 , 1408.52 , 140.861 , 10
32 , 12099.3 , 20179 , 103725 , 103725 , 1.72921e+006 , 0.115084 , 85279.4 , 18443.5 , 4.264 , 486.093 , 0.115084 , 85279.4 , 18443.5 , 4.264 , 486.093 , 164.648 , 246.665 , 726239 , 1452.74 , 145.283 , 10
33 , 13578.1 , 21292.8 , 103737 , 103737 , 1.74618e+006 , 0.0803904 , 84348.3 , 19387 , 4.21743 , 480.786 , 0.0803904 , 84348.3 , 19387 , 4.21743 , 480.786 , 164.695 , 250.049 , 742924 , 1486.11 , 148.62 , 10
34 , 15085.8 , 22399 , 103746 , 103746 , 1.7588e+006 , 0.0565368 , 83424.6 , 20319.7 , 4.17124 , 475.52 , 0.0565368 , 83424.6 , 20319.7 , 4.17124 , 475.52 , 164.729 , 252.548 , 755337 , 1510.94 , 151.103 , 10
35 , 16614.7 , 23496.9 , 103752 , 103752 , 1.76809e+006 , 0.03996 , 82509 , 21241.9 , 4.12546 , 470.301 , 0.03996 , 82509 , 21241.9 , 4.12546 , 470.301 , 164.754 , 254.376 , 764474 , 1529.22 , 152.93 , 10
36 , 18159.3 , 24585.9 , 103756 , 103756 , 1.77488e+006 , 0.0283468 , 81601.9 , 22153.6 , 4.0801 , 465.131 , 0.0283468 , 81601.9 , 22153.6 , 4.0801 , 465.131 , 164.772 , 255.706 , 771148 , 1542.56 , 154.265 , 10
37 , 19715.1 , 25665.7 , 103759 , 103759 , 1.7798e+006 , 0.020162 , 80703.8 , 23055 , 4.0352 , 460.012 , 0.020162 , 80703.8 , 23055 , 4.0352 , 460.012 , 164.785 , 256.669 , 775994 , 1552.26 , 155.235 , 10
38 , 21279.1 , 26736.2 , 103762 , 103762 , 1.78337e+006 , 0.014368 , 79814.9 , 23946.4 , 3.99075 , 454.945 , 0.014368 , 79814.9 , 23946.4 , 3.99075 , 454.945 , 164.794 , 257.364 , 779499 , 1559.27 , 155.936 , 10
39 , 22849 , 27797.3 , 103763 , 103763 , 1.78593e+006 , 0.0102532 , 78935.1 , 24827.8 , 3.94676 , 449.93 , 0.0102532 , 78935.1 , 24827.8 , 3.94676 , 449.93 , 164.8 , 257.865 , 782027 , 1564.32 , 156.441 , 10
40 , 24423.1 , 28848.7 , 103764 , 103764 , 1.78778e+006 , 0.00732412 , 78064.7 , 25699.3 , 3.90324 , 444.969 , 0.00732412 , 78064.7 , 25699.3 , 3.90324 , 444.969 , 164.805 , 258.224 , 783845 , 1567.96 , 156.805 , 10
41 , 26000.2 , 29890.7 , 103765 , 103765 , 1.78911e+006 , 0.00523555 , 77203.6 , 26561.2 , 3.86018 , 440.061 , 0.00523555 , 77203.6 , 26561.2 , 3.86018 , 440.061 , 164.809 , 258.482 , 785151 , 1570.57 , 157.066 , 10
42 , 27579.5 , 30923 , 103766 , 103766 , 1.79006e+006 , 0.00374448 , 76351.9 , 27413.6 , 3.81759 , 435.206 , 0.00374448 , 76351.9 , 27413.6 , 3.81759 , 435.206 , 164.811 , 258.667 , 786088 , 1572.45 , 157.254 , 10
43 , 29160.2 , 31945.9 , 103766 , 103766 , 1.79074e+006 , 0.00267906 , 75509.3 , 28256.5 , 3.77547 , 430.403 , 0.00267906 , 75509.3 , 28256.5 , 3.77547 , 430.403 , 164.813 , 258.8 , 786760 , 1573.79 , 157.388 , 10
44.01 , 30757.9 , 32969.4 , 103766 , 103766 , 1.79124e+006 , 0.00191088 , 74667.7 , 29098.3 , 3.73339 , 425.606 , 0.00191088 , 74667.7 , 29098.3 , 3.73339 , 425.606 , 164.814 , 258.896 , 787246 , 1574.76 , 157.485 , 10
45.01 , 32340.4 , 33973.4 , 103766 , 103766 , 1.79159e+006 , 0.00136779 , 73843.6 , 29922.6 , 3.69218 , 420.909 , 0.00136779 , 73843.6 , 29922.6 , 3.69218 , 420.909 , 164.815 , 258.964 , 787590 , 1575.45 , 157.554 , 10
46.01 , 33923.5 , 34968.1 , 103766 , 103766 , 1.79184e+006 , 0.00097919 , 73028.6 , 30737.7 , 3.65143 , 416.263 , 0.00097919 , 73028.6 , 30737.7 , 3.65143 , 416.263 , 164.816 , 259.012 , 787836 , 1575.94 , 157.603 , 10
47.01 , 35506.9 , 35953.6 , 103766 , 103766 , 1.79202e+006 , 0.000701059 , 72222.5 , 31543.8 , 3.61112 , 411.668 , 0.000701059 , 72222.5 , 31543.8 , 3.61112 , 411.668 , 164.816 , 259.047 , 788012 , 1576.3 , 157.638 , 10
48.01 , 37090.5 , 36930 , 103766 , 103766 , 1.79214e+006 , 0.000501964 , 71425.3 , 32341.1 , 3.57126 , 407.124 , 0.000501964 , 71425.3 , 32341.1 , 3.57126 , 407.124 , 164.817 , 259.072 , 788138 , 1576.55 , 157.664 , 10
49.01 , 38674.2 , 37897.4 , 103766 , 103766 , 1.79224e+006 , 0.000359428 , 70636.8 , 33129.5 , 3.53184 , 402.63 , 0.000359428 , 70636.8 , 33129.5 , 3.53184 , 402.63 , 164.817 , 259.09 , 788229 , 1576.73 , 157.682 , 10
50.01 , 40258.1 , 38855.8 , 103766 , 103766 , 1.7923e+006 , 0.000257375 , 69857.1 , 33909.2 , 3.49285 , 398.185 , 0.000257375 , 69857.1 , 33909.2 , 3.49285 , 398.185 , 164.817 , 259.102 , 788293 , 1576.86 , 157.695 , 10
51.01 , 41841.9 , 39805.4 , 103766 , 103766 , 1.79235e+006 , 0.000184303 , 69085.9 , 34680.3 , 3.4543 , 393.79 , 0.000184303 , 69085.9 , 34680.3 , 3.4543 , 393.79 , 164.817 , 259.112 , 788340 , 1576.95 , 157.704 , 10
52.01 , 43425.8 , 40746.3 , 103766 , 103766 , 1.79238e+006 , 0.000131979 , 68323.3 , 35442.8 , 3.41617 , 389.443 , 0.000131979 , 68323.3 , 35442.8 , 3.41617 , 389.443 , 164.817 , 259.118 , 788373 , 1577.02 , 157.711 , 10
53.01 , 45009.6 , 41678.6 , 103766 , 103766 , 1.79241e+006 , 9.45114e-005 , 67569.1 , 36197 , 3.37845 , 385.144 , 9.45114e-005 , 67569.1 , 36197 , 3.37845 , 385.144 , 164.817 , 259.123 , 788397 , 1577.07 , 157.715 , 10
54.01 , 46593.4 , 42602.3 , 103766 , 103766 , 1.79242e+006 , 6.76811e-005 , 66823.2 , 36942.8 , 3.34116 , 380.892 , 6.76811e-005 , 66823.2 , 36942.8 , 3.34116 , 380.892 , 164.817 , 259.126 , 788414 , 1577.1 , 157.719 , 10
55.01 , 48177.2 , 43517.5 , 103766 , 103766 , 1.79244e+006 , 4.84678e-005 , 66085.5 , 37680.4 , 3.30428 , 376.687 , 4.84678e-005 , 66085.5 , 37680.4 , 3.30428 , 376.687 , 164.817 , 259.129 , 788426 , 1577.12 , 157.721 , 10
56.01 , 49760.9 , 44424.4 , 103766 , 103766 , 1.79245e+006 , 3.47089e-005 , 65356 , 38409.9 , 3.2678 , 372.529 , 3.47089e-005 , 65356 , 38409.9 , 3.2678 , 372.529 , 164.817 , 259.13 , 788435 , 1577.14 , 157.723 , 10
57.01 , 51344.5 , 45323 , 103766 , 103766 , 1.79245e+006 , 2.4856e-005 , 64634.5 , 39131.3 , 3.23172 , 368.417 , 2.4856e-005 , 64634.5 , 39131.3 , 3.23172 , 368.417 , 164.817 , 259.132 , 788441 , 1577.15 , 157.724 , 10
58.01 , 52928.1 , 46213.5 , 103766 , 103766 , 1.79246e+006 , 1.78001e-005 , 63921 , 39844.7 , 3.19605 , 364.35 , 1.78001e-005 , 63921 , 39844.7 , 3.19605 , 364.35 , 164.817 , 259.133 , 788446 , 1577.16 , 157.725 , 10
59.01 , 54511.6 , 47095.8 , 103766 , 103766 , 1.79246e+006 , 1.27471e-005 , 63215.3 , 40550.3 , 3.16077 , 360.327 , 1.27471e-005 , 63215.3 , 40550.3 , 3.16077 , 360.327 , 164.817 , 259.133 , 788449 , 1577.17 , 157.726 , 10
60.01 , 56095.1 , 47970.2 , 103766 , 103766 , 1.79246e+006 , 9.12861e-006 , 62517.5 , 41248.1 , 3.12587 , 356.35 , 9.12861e-006 , 62517.5 , 41248.1 , 3.12587 , 356.35 , 164.817 , 259.134 , 788452 , 1577.18 , 157.726 , 10
61.01 , 57678.5 , 48836.6 , 103765 , 103765 , 1.79246e+006 , 6.53728e-006 , 61827.4 , 41938.1 , 3.09137 , 352.416 , 6.53728e-006 , 61827.4 , 41938.1 , 3.09137 , 352.416 , 164.817 , 259.134 , 788454 , 1577.18 , 157.727 , 10
62.01 , 59261.8 , 49695.3 , 103765 , 103765 , 1.79247e+006 , 4.68155e-006 , 61144.8 , 42620.6 , 3.05724 , 348.526 , 4.68155e-006 , 61144.8 , 42620.6 , 3.05724 , 348.526 , 164.817 , 259.134 , 788455 , 1577.18 , 157.727 , 10
63.01 , 60845.1 , 50546.1 , 103765 , 103765 , 1.79247e+006 , 3.35261e-006 , 60469.8 , 43295.5 , 3.02349 , 344.678 , 3.35261e-006 , 60469.8 , 43295.5 , 3.02349 , 344.678 , 164.817 , 259.134 , 788456 , 1577.18 , 157.727 , 10
64.01 , 62428.3 , 51389.4 , 103765 , 103765 , 1.79247e+006 , 2.40091e-006 , 59802.3 , 43963 , 2.99011 , 340.873 , 2.40091e-006 , 59802.3 , 43963 , 2.99011 , 340.873 , 164.817 , 259.135 , 788457 , 1577.18 , 157.727 , 10
65.01 , 64011.4 , 52225 , 103765 , 103765 , 1.79247e+006 , 1.71937e-006 , 59142.1 , 44623.1 , 2.95711 , 337.11 , 1.71937e-006 , 59142.1 , 44623.1 , 2.95711 , 337.11 , 164.817 , 259.135 , 788457 , 1577.19 , 157.727 , 10
66.01 , 65594.5 , 53053.2 , 103765 , 103765 , 1.79247e+006 , 1.23129e-006 , 58489.2 , 45275.9 , 2.92446 , 333.389 , 1.23129e-006 , 58489.2 , 45275.9 , 2.92446 , 333.389 , 164.817 , 259.135 , 788458 , 1577.19 , 157.727 , 10
67.01 , 67177.5 , 53874 , 103765 , 103765 , 1.79247e+006 , 8.81769e-007 , 57843.6 , 45921.5 , 2.89218 , 329.708 , 8.81769e-007 , 57843.6 , 45921.5 , 2.89218 , 329.708 , 164.817 , 259.135 , 788458 , 1577.19 , 157.728 , 10
68.01 , 68760.4 , 54687.5 , 103765 , 103765 , 1.79247e+006 , 6.31463e-007 , 57205 , 46560 , 2.86025 , 326.069 , 6.31463e-007 , 57205 , 46560 , 2.86025 , 326.069 , 164.817 , 259.135 , 788458 , 1577.19 , 157.728 , 10
69.01 , 70343.3 , 55493.7 , 103765 , 103765 , 1.79247e+006 , 4.52211e-007 , 56573.5 , 47191.4 , 2.82868 , 322.469 , 4.52211e-007 , 56573.5 , 47191.4 , 2.82868 , 322.469 , 164.817 , 259.135 , 788459 , 1577.19 , 157.728 , 10
70.01 , 71926.1 , 56292.8 , 103765 , 103765 , 1.79247e+006 , 3.23843e-007 , 55949 , 47815.8 , 2.79745 , 318.909 , 3.23843e-007 , 55949 , 47815.8 , 2.79745 , 318.909 , 164.817 , 259.135 , 788459 , 1577.19 , 157.728 , 10
71.01 , 73508.9 , 57084.7 , 103765 , 103765 , 1.79247e+006 , 2.31914e-007 , 55331.4 , 48433.4 , 2.76657 , 315.389 , 2.31914e-007 , 55331.4 , 48433.4 , 2.76657 , 315.389 , 164.817 , 259.135 , 788459 , 1577.19 , 157.728 , 10
72.01 , 75091.6 , 57869.7 , 103765 , 103765 , 1.79247e+006 , 1.66081e-007 , 54720.5 , 49044.2 , 2.73603 , 311.907 , 1.66081e-007 , 54720.5 , 49044.2 , 2.73603 , 311.907 , 164.817 , 259.135 , 788459 , 1577.19 , 157.728 , 10
73 , 76658.4 , 58640 , 103765 , 103765 , 1.79247e+006 , 1.19334e-007 , 54122.5 , 49642.2 , 2.70612 , 308.498 , 1.19334e-007 , 54122.5 , 49642.2 , 2.70612 , 308.498 , 164.817 , 259.135 , 788459 , 1577.19 , 157.728 , 10
74 , 78240.9 , 59411.3 , 103765 , 103765 , 1.79247e+006 , 8.54589e-008 , 53525 , 50239.6 , 2.67625 , 305.093 , 8.54589e-008 , 53525 , 50239.6 , 2.67625 , 305.093 , 164.817 , 259.135 , 788459 , 1577.19 , 157.728 , 10
75 , 79823.4 , 60175.8 , 103764 , 103764 , 1.79247e+006 , 6.11999e-008 , 52934.1 , 50830.4 , 2.64671 , 301.725 , 6.11999e-008 , 52934.1 , 50830.4 , 2.64671 , 301.725 , 164.817 , 259.135 , 788460 , 1577.19 , 157.728 , 10
76 , 81405.9 , 60933.6 , 103764 , 103764 , 1.79247e+006 , 4.38272e-008 , 52349.8 , 51414.7 , 2.61749 , 298.394 , 4.38272e-008 , 52349.8 , 51414.7 , 2.61749 , 298.394 , 164.817 , 259.135 , 788460 , 1577.19 , 157.728 , 10
77 , 82988.3 , 61684.8 , 103764 , 103764 , 1.79247e+006 , 3.13861e-008 , 51771.9 , 51992.5 , 2.58859 , 295.1 , 3.13861e-008 , 51771.9 , 51992.5 , 2.58859 , 295.1 , 164.817 , 259.135 , 788460 , 1577.19 , 157.728 , 10
78 , 84570.6 , 62429.4 , 103764 , 103764 , 1.79247e+006 , 2.24766e-008 , 51200.4 , 52564 , 2.56002 , 291.842 , 2.24766e-008 , 51200.4 , 52564 , 2.56002 , 291.842 , 164.817 , 259.135 , 788460 , 1577.19 , 157.728 , 10
79 , 86152.9 , 63167.6 , 103764 , 103764 , 1.79247e+006 , 1.60962e-008 , 50635.1 , 53129.1 , 2.53176 , 288.62 , 1.60962e-008 , 50635.1 , 53129.1 , 2.53176 , 288.62 , 164.817 , 259.135 , 788460 , 1577.19 , 157.728 , 10
80 , 87735.1 , 63899.3 , 103764 , 103764 , 1.79247e+006 , 1.1527e-008 , 50076.2 , 53688 , 2.50381 , 285.434 , 1.1527e-008 , 50076.2 , 53688 , 2.50381 , 285.434 , 164.817 , 259.135 , 788460 , 1577.19 , 157.728 , 10
81 , 89317.3 , 64624.7 , 103764 , 103764 , 1.79247e+006 , 8.25487e-009 , 49523.4 , 54240.8 , 2.47617 , 282.283 , 8.25487e-009 , 49523.4 , 54240.8 , 2.47617 , 282.283 , 164.817 , 259.135 , 788460 , 1577.19 , 157.728 , 10
82 , 90899.4 , 65343.9 , 103764 , 103764 , 1.79247e+006 , 5.91158e-009 , 48976.7 , 54787.4 , 2.44883 , 279.167 , 5.91158e-009 , 48976.7 , 54787.4 , 2.44883 , 279.167 , 164.817 , 259.135 , 788461 , 1577.19 , 157.728 , 10
83 , 92481.5 , 66056.8 , 103764 , 103764 , 1.79247e+006 , 4.23347e-009 , 48436 , 55328 , 2.4218 , 276.085 , 4.23347e-009 , 48436 , 55328 , 2.4218 , 276.085 , 164.817 , 259.135 , 788461 , 1577.19 , 157.728 , 10
84 , 94063.5 , 66763.6 , 103764 , 103764 , 1.79247e+006 , 3.03173e-009 , 47901.3 , 55862.6 , 2.39507 , 273.037 , 3.03173e-009 , 47901.3 , 55862.6 , 2.39507 , 273.037 , 164.817 , 259.135 , 788461 , 1577.19 , 157.728 , 10
85 , 95645.5 , 67464.4 , 103764 , 103764 , 1.79247e+006 , 2.17112e-009 , 47372.5 , 56391.4 , 2.36863 , 270.023 , 2.17112e-009 , 47372.5 , 56391.4 , 2.36863 , 270.023 , 164.817 , 259.135 , 788461 , 1577.19 , 157.728 , 10
86 , 97227.4 , 68159.2 , 103764 , 103764 , 1.79247e+006 , 1.55481e-009 , 46849.6 , 56914.3 , 2.34248 , 267.042 , 1.55481e-009 , 46849.6 , 56914.3 , 2.34248 , 267.042 , 164.817 , 259.135 , 788461 , 1577.19 , 157.728 , 10
87 , 98809.2 , 68848 , 103764 , 103764 , 1.79247e+006 , 1.11345e-009 , 46332.4 , 57431.4 , 2.31662 , 264.095 , 1.11345e-009 , 46332.4 , 57431.4 , 2.31662 , 264.095 , 164.817 , 259.136 , 788461 , 1577.19 , 157.728 , 10
88 , 100391 , 69531 , 103764 , 103764 , 1.79247e+006 , 7.97376e-010 , 45820.9 , 57942.8 , 2.29104 , 261.179 , 7.97376e-010 , 45820.9 , 57942.8 , 2.29104 , 261.179 , 164.817 , 259.136 , 788461 , 1577.19 , 157.728 , 10
89 , 101973 , 70208.1 , 103764 , 103764 , 1.79247e+006 , 5.71027e-010 , 45315.1 , 58448.6 , 2.26575 , 258.296 , 5.71027e-010 , 45315.1 , 58448.6 , 2.26575 , 258.296 , 164.817 , 259.136 , 788461 , 1577.19 , 157.728 , 10
90 , 103554 , 70879.6 , 103764 , 103764 , 1.79247e+006 , 4.08931e-010 , 44814.8 , 58948.8 , 2.24074 , 255.445 , 4.08931e-010 , 44814.8 , 58948.8 , 2.24074 , 255.445 , 164.817 , 259.136 , 788461 , 1577.19 , 157.728 , 10
91 , 105136 , 71545.3 , 103764 , 103764 , 1.79247e+006 , 2.92849e-010 , 44320.1 , 59443.4 , 2.21601 , 252.625 , 2.92849e-010 , 44320.1 , 59443.4 , 2.21601 , 252.625 , 164.817 , 259.136 , 788462 , 1577.19 , 157.728 , 10
92 , 106718 , 72205.5 , 103763 , 103763 , 1.79247e+006 , 2.09718e-010 , 43830.8 , 59932.6 , 2.19154 , 249.836 , 2.09718e-010 , 43830.8 , 59932.6 , 2.19154 , 249.836 , 164.817 , 259.136 , 788462 , 1577.2 , 157.728 , 10
93 , 108299 , 72860.1 , 103763 , 103763 , 1.79247e+006 , 1.50186e-010 , 43347 , 60416.4 , 2.16735 , 247.078 , 1.50186e-010 , 43347 , 60416.4 , 2.16735 , 247.078 , 164.817 , 259.136 , 788462 , 1577.2 , 157.728 , 10
94 , 109881 , 73509.2 , 103763 , 103763 , 1.79247e+006 , 1.07553e-010 , 42868.5 , 60894.9 , 2.14342 , 244.35 , 1.07553e-010 , 42868.5 , 60894.9 , 2.14342 , 244.35 , 164.817 , 259.136 , 788462 , 1577.2 , 157.728 , 10
95 , 111462 , 74152.9 , 103763 , 103763 , 1.79247e+006 , 7.70223e-011 , 42395.2 , 61368.1 , 2.11976 , 241.653 , 7.70223e-011 , 42395.2 , 61368.1 , 2.11976 , 241.653 , 164.817 , 259.136 , 788462 , 1577.2 , 157.728 , 10
96 , 113044 , 74791.2 , 103763 , 103763 , 1.79247e+006 , 5.51582e-011 , 41927.2 , 61836.1 , 2.09636 , 238.985 , 5.51582e-011 , 41927.2 , 61836.1 , 2.09636 , 238.985 , 164.817 , 259.136 , 788462 , 1577.2 , 157.728 , 10
97 , 114625 , 75424.3 , 103763 , 103763 , 1.79247e+006 , 3.95005e-011 , 41464.4 , 62298.8 , 2.07322 , 236.347 , 3.95005e-011 , 41464.4 , 62298.8 , 2.07322 , 236.347 , 164.817 , 259.136 , 788462 , 1577.2 , 157.728 , 10
98 , 116206 , 76052.1 , 103763 , 103763 , 1.79247e+006 , 2.82876e-011 , 41006.6 , 62756.5 , 2.05033 , 233.738 , 2.82876e-011 , 41006.6 , 62756.5 , 2.05033 , 233.738 , 164.817 , 259.136 , 788462 , 1577.2 , 157.728 , 10
99 , 117788 , 76674.7 , 103763 , 103763 , 1.79247e+006 , 2.02577e-011 , 40554 , 63209.2 , 2.0277 , 231.158 , 2.02577e-011 , 40554 , 63209.2 , 2.0277 , 231.158 , 164.817 , 259.136 , 788462 , 1577.2 , 157.728 , 10
100 , 119369 , 77292.1 , 103763 , 103763 , 1.79247e+006 , 1.45072e-011 , 40106.3 , 63656.8 , 2.00531 , 228.606 , 1.45072e-011 , 40106.3 , 63656.8 , 2.00531 , 228.606 , 164.817 , 259.136 , 788463 , 1577.2 , 157.728 , 10
101 , 120950 , 77904.5 , 103763 , 103763 , 1.79247e+006 , 1.03891e-011 , 39663.5 , 64099.5 , 1.98318 , 226.082 , 1.03891e-011 , 39663.5 , 64099.5 , 1.98318 , 226.082 , 164.817 , 259.136 , 788463 , 1577.2 , 157.728 , 10
102 , 122531 , 78511.9 , 103763 , 103763 , 1.79247e+006 , 7.43994e-012 , 39225.7 , 64537.3 , 1.96128 , 223.586 , 7.43994e-012 , 39225.7 , 64537.3 , 1.96128 , 223.586 , 164.817 , 259.136 , 788463 , 1577.2 , 157.728 , 10
103 , 124112 , 79114.3 , 103763 , 103763 , 1.79247e+006 , 5.32798e-012 , 38792.7 , 64970.3 , 1.93963 , 221.118 , 5.32798e-012 , 38792.7 , 64970.3 , 1.93963 , 221.118 , 164.817 , 259.136 , 788463 , 1577.2 , 157.729 , 10
104 , 125693 , 79711.8 , 103763 , 103763 , 1.79247e+006 , 3.81554e-012 , 38364.4 , 65398.5 , 1.91822 , 218.677 , 3.81554e-012 , 38364.4 , 65398.5 , 1.91822 , 218.677 , 164.817 , 259.136 , 788463 , 1577.2 , 157.729 , 10
105 , 127274 , 80304.4 , 103763 , 103763 , 1.79247e+006 , 2.73243e-012 , 37940.9 , 65821.9 , 1.89705 , 216.263 , 2.73243e-012 , 37940.9 , 65821.9 , 1.89705 , 216.263 , 164.817 , 259.136 , 788463 , 1577.2 , 157.729 , 10
106 , 128855 , 80892.2 , 103763 , 103763 , 1.79247e+006 , 1.95678e-012 , 37522.1 , 66240.7 , 1.8761 , 213.876 , 1.95678e-012 , 37522.1 , 66240.7 , 1.8761 , 213.876 , 164.817 , 259.136 , 788463 , 1577.2 , 157.729 , 10
107 , 130436 , 81475.3 , 103763 , 103763 , 1.79247e+006 , 1.40132e-012 , 37107.9 , 66654.9 , 1.85539 , 211.515 , 1.40132e-012 , 37107.9 , 66654.9 , 1.85539 , 211.515 , 164.817 , 259.136 , 788463 , 1577.2 , 157.729 , 10
108 , 132017 , 82053.7 , 103763 , 103763 , 1.79247e+006 , 1.00353e-012 , 36698.2 , 67064.5 , 1.83491 , 209.18 , 1.00353e-012 , 36698.2 , 67064.5 , 1.83491 , 209.18 , 164.817 , 259.136 , 788463 , 1577.2 , 157.729 , 10
109 , 133598 , 82627.5 , 103763 , 103763 , 1.79247e+006 , 7.18659e-013 , 36293.1 , 67469.6 , 1.81465 , 206.871 , 7.18659e-013 , 36293.1 , 67469.6 , 1.81465 , 206.871 , 164.817 , 259.136 , 788463 , 1577.2 , 157.729 , 10
110 , 135179 , 83196.6 , 103763 , 103763 , 1.79247e+006 , 5.14655e-013 , 35892.4 , 67870.2 , 1.79462 , 204.587 , 5.14655e-013 , 35892.4 , 67870.2 , 1.79462 , 204.587 , 164.817 , 259.136 , 788463 , 1577.2 , 157.729 , 10
111 , 136760 , 83761.3 , 103763 , 103763 , 1.79247e+006 , 3.68561e-013 , 35496.2 , 68266.3 , 1.77481 , 202.328 , 3.68561e-013 , 35496.2 , 68266.3 , 1.77481 , 202.328 , 164.817 , 259.136 , 788464 , 1577.2 , 157.729 , 10
112 , 138340 , 84321.4 , 103763 , 103763 , 1.79247e+006 , 2.63938e-013 , 35104.4 , 68658.2 , 1.75522 , 200.095 , 2.63938e-013 , 35104.4 , 68658.2 , 1.75522 , 200.095 , 164.817 , 259.136 , 788464 , 1577.2 , 157.729 , 10
113 , 139921 , 84877.1 , 103762 , 103762 , 1.79247e+006 , 1.89015e-013 , 34716.8 , 69045.6 , 1.73584 , 197.886 , 1.89015e-013 , 34716.8 , 69045.6 , 1.73584 , 197.886 , 164.817 , 259.136 , 788464 , 1577.2 , 157.729 , 10
114 , 141502 , 85428.4 , 103762 , 103762 , 1.79247e+006 , 1.3536e-013 , 34333.6 , 69428.8 , 1.71668 , 195.701 , 1.3536e-013 , 34333.6 , 69428.8 , 1.71668 , 195.701 , 164.817 , 259.136 , 788464 , 1577.2 , 157.729 , 10
115 , 143082 , 85975.3 , 103762 , 103762 , 1.79247e+006 , 9.69354e-014 , 33954.6 , 69807.8 , 1.69773 , 193.541 , 9.69354e-014 , 33954.6 , 69807.8 , 1.69773 , 193.541 , 164.817 , 259.136 , 788464 , 1577.2 , 157.729 , 10
116 , 144663 , 86518 , 103762 , 103762 , 1.79248e+006 , 6.94186e-014 , 33579.7 , 70182.6 , 1.67899 , 191.405 , 6.94186e-014 , 33579.7 , 70182.6 , 1.67899 , 191.405 , 164.817 , 259.136 , 788464 , 1577.2 , 157.729 , 10
117 , 146243 , 87056.4 , 103762 , 103762 , 1.79248e+006 , 4.97129e-014 , 33209.1 , 70553.3 , 1.66045 , 189.292 , 4.97129e-014 , 33209.1 , 70553.3 , 1.66045 , 189.292 , 164.817 , 259.136 , 788464 , 1577.2 , 157.729 , 10
118 , 147824 , 87590.6 , 103762 , 103762 , 1.79248e+006 , 3.5601e-014 , 32842.4 , 70919.8 , 1.64212 , 187.202 , 3.5601e-014 , 32842.4 , 70919.8 , 1.64212 , 187.202 , 164.817 , 259.136 , 788464 , 1577.2 , 157.729 , 10
119 , 149404 , 88120.6 , 103762 , 103762 , 1.79248e+006 , 2.5495e-014 , 32479.9 , 71282.3 , 1.62399 , 185.135 , 2.5495e-014 , 32479.9 , 71282.3 , 1.62399 , 185.135 , 164.817 , 259.136 , 788464 , 1577.2 , 157.729 , 10
